mpi_time_mtrx = [
    [0.447410, 0.471701, 0.431821, 0.394088, 0.413733, 0.408918],
    [0.679736, 0.732093, 0.497004, 0.468018, 0.442566, 0.456649],
    [2.223053, 2.278500, 1.019731, 0.755260, 0.659454, 0.619758],
    [12.394655, 12.288765, 4.356967, 2.705068, 2.059011, 1.735727],
    [82.823796, 83.777329, 27.957304, 16.013236, 11.472283, 9.182413],
    [607.069342, 610.653243, 202.257788, 115.109201, 80.965606, 64.595641],
]


mpi_speedup_mtrx = [
    [1.000, 1.000, 1.000, 1.000, 1.000, 1.000],
    [0.949, 0.928, 0.976, 1.009, 0.989, 0.994],
    [1.036, 1.368, 2.180, 2.845, 2.963, 3.001],
    [1.135, 1.452, 2.943, 4.582, 5.172, 5.274],
    [1.081, 1.536, 3.371, 6.020, 7.219, 7.498],
    [1.094, 1.489, 3.587, 7.141, 9.020, 9.398],
]